Jdv=7e-6
CM=1.3
COm= 3.15
Ly = 0.0015
R = 8 
Lob = 0.013 
Betta = 0.001